                     CLIMATOLOGICAL SUMMARY for year 2015


NAME: Lake Echo, Nova Scotia                  
ELEV: 26 meters    LAT: 44-44.28 N    LONG: 063-22.66 W


                                       TEMPERATURE (C)

                              HEAT    COOL                              MAX    MAX    MIN    MIN
          MEAN   MEAN         DEG     DEG                                >=     <=     <=     <=
 YR  MO   MAX    MIN    MEAN  DAYS    DAYS      HI  DAY     LOW  DAY     30      0      0    -20
------------------------------------------------------------------------------------------------
2015 01
2015 02
2015 03
2015 04
2015 05
2015 06
2015 07
2015 08
2015 09   20.7   13.9   18.7    9.2    4.0    24.7   29     8.9   27      0      0      0      0
2015 10   14.0    3.5    9.3  280.6    0.0    20.6   01    -3.7   27      0      0      8      0
2015 11    9.0    1.7    5.6  383.3    0.0    16.6   07    -7.3   26      0      1      9      0
2015 12    6.0   -1.5    2.4  492.9    0.0    13.2   24   -12.6   29      0      4     20      0
------------------------------------------------------------------------------------------------
          10.1    1.8    6.2 1166.0    4.0    24.7  Sep   -12.6  Dec      0      5     37      0


                  PRECIPITATION (cm)

                  MAX         ---DAYS OF RAIN---
                  OBS.               OVER
 YR  MO  TOTAL    DAY  DATE   0.03   0.30   3.00
------------------------------------------------
2015 01
2015 02
2015 03
2015 04
2015 05
2015 06
2015 07
2015 08
2015 09   0.00   0.00    27      0      0      0
2015 10  18.06   6.70    01     12      6      2
2015 11  11.78   4.80    22     10      6      1
2015 12  12.04   2.74    15     14      8      0
------------------------------------------------
         41.88   6.70   Oct     36     20      3


           WIND SPEED (km/h)

                                DOM
 YR  MO    AVG     HI   DATE    DIR
-----------------------------------
2015 01
2015 02
2015 03
2015 04
2015 05
2015 06
2015 07
2015 08
2015 09    4.7   40.2     30    205
2015 10    3.8   54.7     29    315
2015 11    4.9   54.7     23    307
2015 12    4.1   61.2     15    349
-----------------------------------
           4.3   61.2    Dec    325
