                     CLIMATOLOGICAL SUMMARY for year 2016


NAME: Lake Echo, Nova Scotia                  
ELEV: 26 meters    LAT: 44-44.28 N    LONG: 063-22.66 W


                                       TEMPERATURE (C)

                              HEAT    COOL                              MAX    MAX    MIN    MIN
          MEAN   MEAN         DEG     DEG                                >=     <=     <=     <=
 YR  MO   MAX    MIN    MEAN  DAYS    DAYS      HI  DAY     LOW  DAY     30      0      0    -20
------------------------------------------------------------------------------------------------
2016 01    0.9   -7.4   -2.8  654.9    0.0     9.5   11   -16.9   23      0     14     30      0
2016 02    3.5   -6.4   -0.8  555.3    0.0    13.1   29   -18.0   15      0      8     25      0
2016 03    4.7   -4.9   -0.0  570.4    0.0    14.9   31   -12.7   06      0      4     28      0
2016 04    9.2   -0.3    4.6  411.8    0.0    21.8   22   -10.6   06      0      1     19      0
2016 05   16.2    6.2   10.8  232.9    0.0    27.5   21    -1.3   01      0      0      1      0
2016 06   19.3   10.1   14.6  116.7    3.4    27.7   30     3.2   02      0      0      0      0
2016 07   24.8   15.0   19.5   19.7   55.6    30.1   21    11.2   12      1      0      0      0
2016 08   25.0   15.3   19.9    1.0   48.9    27.5   10    10.4   10      0      0      0      0
2016 09   21.4   11.5   16.4   85.6   27.5    27.9   07     2.9   25      0      0      0      0
2016 10   16.1    5.5   10.9  231.0    0.0    24.2   07    -1.0   28      0      0      3      0
2016 11    9.2    2.4    5.8  375.4    0.0    15.2   14    -2.0   08      0      0      9      0
2016 12    3.2   -5.8   -1.2  604.8    0.0    12.9   18   -17.6   17      0      6     27      0
------------------------------------------------------------------------------------------------
          12.8    3.5    8.2 3859.6  135.4    30.1  Jul   -18.0  Feb      1     33    142      0


                  PRECIPITATION (cm)

                  MAX         ---DAYS OF RAIN---
                  OBS.               OVER
 YR  MO  TOTAL    DAY  DATE   0.03   0.30   3.00
------------------------------------------------
2016 01   3.66   2.28    11      6      2      0
2016 02   8.76   2.66    05      8      6      0
2016 03   8.84   1.58    02     14     10      0
2016 04  10.64   3.18    01     16      8      1
2016 05   9.36   2.06    05     13      8      0
2016 06   4.94   1.60    08      9      3      0
2016 07   7.12   1.52    08     11      8      0
2016 08   4.84   1.96    17      5      3      0
2016 09   5.76   1.56    19     11      4      0
2016 10  16.04   5.56    10     11      6      2
2016 11   6.76   1.98    30     12      7      0
2016 12   8.44   2.22    27     11      8      0
------------------------------------------------
         95.16   5.56   Oct    127     73      3


           WIND SPEED (km/h)

                                DOM
 YR  MO    AVG     HI   DATE    DIR
-----------------------------------
2016 01    5.1   70.8     11    324
2016 02    6.1   61.2     17    307
2016 03    6.5   59.5     29    330
2016 04    7.3   59.5     08    344
2016 05    4.8   53.1     09    308
2016 06    3.4   38.6     20    219
2016 07    2.5   45.1     03    217
2016 08    2.4   35.4     06    245
2016 09    2.9   41.8     11    343
2016 10    3.7   57.9     10    356
2016 11    4.5   46.7     27    351
2016 12    5.3   67.6     18    309
-----------------------------------
           4.5   70.8    Jan    326
