                     CLIMATOLOGICAL SUMMARY for year 2020


NAME: Lake Echo, Nova Scotia                  
ELEV: 26 meters    LAT: 44-44.28 N    LONG: 063-22.66 W


                                       TEMPERATURE (C)

                              HEAT    COOL                              MAX    MAX    MIN    MIN
          MEAN   MEAN         DEG     DEG                                >=     <=     <=     <=
 YR  MO   MAX    MIN    MEAN  DAYS    DAYS      HI  DAY     LOW  DAY     30      0      0    -20
------------------------------------------------------------------------------------------------
2020 01    0.8   -8.4   -3.5  678.2    0.0     9.3   11   -19.6   22      0     13     30      0
2020 02    2.6   -8.4   -2.6  607.7    0.0    10.0   07   -21.1   15      0      8     29      2
2020 03    4.5   -3.7    0.3  559.6    0.0    11.5   29   -13.4   23      0      3     27      0
2020 04    9.0   -0.5    4.0  430.4    0.0    18.1   14    -5.9   09      0      0     20      0
2020 05   15.7    3.5    9.4  276.9    1.1    28.7   22    -1.5   24      0      0      8      0
2020 06   21.2   10.5   15.3  105.5   15.9    33.2   20     3.9   10      2      0      0      0
2020 07   24.7   14.9   19.1   29.1   52.6    32.1   21     8.6   17      3      0      0      0
2020 08   25.3   14.1   19.4   17.0   48.6    30.6   04     7.7   28      2      0      0      0
2020 09   20.8   10.0   15.1  104.3    7.9    26.6   09     1.8   20      0      0      0      0
2020 10   14.7    4.8    9.9  260.4    0.0    20.9   01    -3.6   31      0      0      6      0
2020 11   10.8    0.9    6.1  365.6    0.0    21.4   10    -6.9   25      0      0     13      0
2020 12    6.2   -1.7    2.7  484.3    0.0    14.7   01    -9.6   17      0      3     22      0
------------------------------------------------------------------------------------------------
          13.1    3.0    8.0 3919.0  126.1    33.2  Jun   -21.1  Feb      7     27    155      2


                  PRECIPITATION (cm)

                  MAX         ---DAYS OF RAIN---
                  OBS.               OVER
 YR  MO  TOTAL    DAY  DATE   0.03   0.30   3.00
------------------------------------------------
2020 01   3.78   1.84    26      6      3      0
2020 02   5.96   2.68    27      9      4      0
2020 03   7.74   2.82    24     10      5      0
2020 04  11.02   2.26    02     12     10      0
2020 05   8.08   2.16    16     10      8      0
2020 06   3.90   1.04    03      7      5      0
2020 07   5.06   0.64    09     16      7      0
2020 08   5.66   2.64    25      8      5      0
2020 09   6.52   2.92    23      6      4      0
2020 10   7.52   3.02    14     16      6      1
2020 11   9.08   3.88    02      9      8      1
2020 12   7.34   1.36    21     16      7      0
------------------------------------------------
         81.66   3.88   Nov    125     72      2


           WIND SPEED (km/h)

                                DOM
 YR  MO    AVG     HI   DATE    DIR
-----------------------------------
2020 01    4.3   61.2     17    345
2020 02    3.3   53.1     07    318
2020 03    5.9   56.3     07    352
2020 04    5.6   54.7     19      2
2020 05    4.3   48.3     06    318
2020 06    1.7   30.6     07     37
2020 07    1.1   27.4     20     62
2020 08    1.6   30.6     26      7
2020 09    1.9   37.0     22     47
2020 10    2.3   37.0     10    359
2020 11    3.2   45.1     02    320
2020 12    4.4   49.9     26    343
-----------------------------------
           3.3   61.2    Jan    350
