                     CLIMATOLOGICAL SUMMARY for year 2022


NAME: Lake Echo, Nova Scotia                  
ELEV: 26 meters    LAT: 44-44.28 N    LONG: 063-22.66 W


                                       TEMPERATURE (C)

                              HEAT    COOL                              MAX    MAX    MIN    MIN
          MEAN   MEAN         DEG     DEG                                >=     <=     <=     <=
 YR  MO   MAX    MIN    MEAN  DAYS    DAYS      HI  DAY     LOW  DAY     30      0      0    -20
------------------------------------------------------------------------------------------------
2022 01    1.8  -10.0   -3.8  687.1    0.0     9.9   06   -19.8   12      0     10     29      0
2022 02    1.7   -8.5   -3.0  597.0    0.0    11.3   12   -22.1   16      0      9     25      2
2022 03    5.7   -4.3    0.5  552.3    0.0    16.4   18   -22.3   01      0      3     27      2
2022 04   10.5    1.3    5.5  384.2    0.0    16.4   25    -4.2   06      0      0     11      0
2022 05   16.5    4.6   10.3  248.2    0.1    27.8   12    -2.7   08      0      0      6      0
2022 06   20.6   10.3   15.1   95.8    0.1    27.1   12     3.8   02      0      0      0      0
2022 07   25.4   13.6   19.2   12.4   38.1    31.0   24     8.6   10      2      0      0      0
2022 08   25.9   16.4   20.5    0.0   67.1    30.4   07    13.3   04      1      0      0      0
2022 09   21.0   11.4   15.8   83.3    8.1    27.8   01     5.4   17      0      0      0      0
2022 10   14.4    2.6    9.0   30.8    0.0    20.2   01    -0.2   03      0      0      1      0
2022 11
2022 12
------------------------------------------------------------------------------------------------
          14.4    3.9    9.0 2691.1  113.5    31.0  Jul   -22.3  Mar      3     22     99      4


                  PRECIPITATION (cm)

                  MAX         ---DAYS OF RAIN---
                  OBS.               OVER
 YR  MO  TOTAL    DAY  DATE   0.03   0.30   3.00
------------------------------------------------
2022 01   9.44   1.94    06     15      8      0
2022 02  12.62   4.24    08      8      5      3
2022 03   9.50   2.64    12     17      7      0
2022 04   9.20   2.38    19     16      9      0
2022 05   5.12   2.04    28     10      3      0
2022 06  12.42   4.66    09     15      8      2
2022 07   4.30   1.72    06      5      3      0
2022 08   5.30   3.10    14      8      3      1
2022 09   9.60   2.58    27      8      5      0
2022 10   0.02   0.02    01      0      0      0
2022 11
2022 12
------------------------------------------------
         77.52   4.66   Jun    102     51      6


           WIND SPEED (km/h)

                                DOM
 YR  MO    AVG     HI   DATE    DIR
-----------------------------------
2022 01    5.2   77.2     15    348
2022 02    4.6   56.3     18    328
2022 03    3.8   56.3     12    316
2022 04    4.9   57.9     24    347
2022 05    3.6   37.0     31     16
2022 06    1.7   35.4     01     64
2022 07    1.2   38.6     20    120
2022 08    1.0   24.1     18     85
2022 09    1.9   80.5     24    330
2022 10    2.4   25.7     02    351
2022 11
2022 12
-----------------------------------
           3.1   80.5    Sep    345
