                     CLIMATOLOGICAL SUMMARY for year 2018


NAME: Lake Echo, Nova Scotia                  
ELEV: 26 meters    LAT: 44-44.28 N    LONG: 063-22.66 W


                                       TEMPERATURE (C)

                              HEAT    COOL                              MAX    MAX    MIN    MIN
          MEAN   MEAN         DEG     DEG                                >=     <=     <=     <=
 YR  MO   MAX    MIN    MEAN  DAYS    DAYS      HI  DAY     LOW  DAY     30      0      0    -20
------------------------------------------------------------------------------------------------
2018 01    1.7   -8.4   -2.9  657.2    0.0    13.3   13   -16.4   03      0     14     28      0
2018 02    5.1   -5.5    0.2  506.4    0.0    11.7   21   -17.1   04      0      5     24      0
2018 03    5.1   -1.4    1.6  519.6    0.0    13.2   27    -9.2   18      0      1     19      0
2018 04    9.3    0.1    4.7  408.9    0.0    16.7   24    -7.7   10      0      0     18      0
2018 05   17.0    4.7   11.0  228.9    0.0    28.2   31     0.0   12      0      0      1      0
2018 06   20.4    7.7   14.0  137.2    6.4    30.2   01    -0.8   04      1      0      1      0
2018 07   25.8   15.1   20.0    8.5   61.1    34.4   04     9.3   08      1      0      0      0
2018 08   26.7   15.4   20.6    2.1   73.3    32.9   03    10.4   26      3      0      0      0
2018 09   21.9    9.7   15.8   87.2   12.1    29.6   06    -0.5   25      0      0      1      0
2018 10   12.8    4.0    8.8  296.1    0.0    19.7   10    -4.6   27      0      0      6      0
2018 11    7.0   -0.6    3.1  456.5    0.0    16.9   07   -11.5   22      0      1     15      0
2018 12    1.5   -8.1   -3.4  672.5    0.0    12.6   22   -15.9   26      0     15     29      0
------------------------------------------------------------------------------------------------
          12.9    2.8    7.8 3981.1  153.0    34.4  Jul   -17.1  Feb      5     36    142      0


                  PRECIPITATION (cm)

                  MAX         ---DAYS OF RAIN---
                  OBS.               OVER
 YR  MO  TOTAL    DAY  DATE   0.03   0.30   3.00
------------------------------------------------
2018 01   8.16   2.92    04     10      5      0
2018 02  13.80   3.20    05     15     11      1
2018 03   8.44   2.00    22     13      8      0
2018 04  17.46   4.04    17     13     10      1
2018 05   6.24   3.10    20     11      6      1
2018 06   8.32   1.98    29     10      7      0
2018 07   4.40   2.30    22      8      5      0
2018 08   3.76   1.08    18      5      5      0
2018 09   7.12   1.94    26      8      7      0
2018 10  17.44   4.52    28     14      8      1
2018 11  17.20   3.54    13     14     10      1
2018 12   8.18   2.02    22      9      7      0
------------------------------------------------
        120.52   4.52   Oct    130     89      5


           WIND SPEED (km/h)

                                DOM
 YR  MO    AVG     HI   DATE    DIR
-----------------------------------
2018 01    6.8   72.4     05    303
2018 02    5.1   56.3     08    294
2018 03    8.5   64.4     14     13
2018 04    5.4   54.7     05    241
2018 05    3.9   54.7     05    274
2018 06    3.1   49.9     03      2
2018 07    1.3   27.4     06    152
2018 08    1.2   25.7     30     63
2018 09    2.0   37.0     22     25
2018 10    2.3   38.6     16    348
2018 11    5.3   56.3     03    328
2018 12    3.2   43.5     27    338
-----------------------------------
           4.0   72.4    Jan    336
