                     CLIMATOLOGICAL SUMMARY for year 2019


NAME: Lake Echo, Nova Scotia                  
ELEV: 26 meters    LAT: 44-44.28 N    LONG: 063-22.66 W


                                       TEMPERATURE (C)

                              HEAT    COOL                              MAX    MAX    MIN    MIN
          MEAN   MEAN         DEG     DEG                                >=     <=     <=     <=
 YR  MO   MAX    MIN    MEAN  DAYS    DAYS      HI  DAY     LOW  DAY     30      0      0    -20
------------------------------------------------------------------------------------------------
2019 01    1.5   -9.2   -3.7  681.7    0.0     9.9   25   -18.6   03      0     12     29      0
2019 02   -0.7  -10.5   -5.4  663.2    0.0     8.2   05   -17.2   01      0     18     28      0
2019 03    4.4   -7.8   -1.5  614.2    0.0    11.2   16   -22.7   08      0      4     25      1
2019 04    9.2    0.6    4.7  408.0    0.0    18.6   14    -4.6   12      0      0     14      0
2019 05   12.5    3.4    7.7  330.5    0.0    21.8   25    -1.8   03      0      0      4      0
2019 06   19.7    9.1   14.1  128.1    0.0    26.3   15     3.4   09      0      0      0      0
2019 07   25.8   14.1   19.7   12.3   54.2    34.2   05     8.7   11      4      0      0      0
2019 08   25.6   13.9   19.4   12.9   44.6    30.8   28     7.7   25      1      0      0      0
2019 09   20.5    8.9   14.6  115.5    4.8    25.4   20     2.1   19      0      0      0      0
2019 10   14.6    4.5    9.4  276.8    0.0    20.9   07    -1.4   27      0      0      4      0
2019 11    8.5   -1.2    3.7  439.6    0.0    17.2   01    -8.1   17      0      0     19      0
2019 12    3.2   -5.5   -0.9  596.8    0.0    13.3   15   -11.9   27      0      9     27      0
------------------------------------------------------------------------------------------------
          12.1    1.8    6.9 4279.6  103.6    34.2  Jul   -22.7  Mar      5     43    150      1


                  PRECIPITATION (cm)

                  MAX         ---DAYS OF RAIN---
                  OBS.               OVER
 YR  MO  TOTAL    DAY  DATE   0.03   0.30   3.00
------------------------------------------------
2019 01  11.26   3.78    09     11      7      1
2019 02   3.28   2.24    16      6      3      0
2019 03   6.44   2.62    22      9      5      0
2019 04  15.28   3.02    27     18     10      1
2019 05   9.26   1.66    14     17      7      0
2019 06  13.78   2.84    06     15     11      0
2019 07   3.30   1.34    23      8      4      0
2019 08   5.36   2.34    30      7      4      0
2019 09   6.58   4.68    07      8      3      1
2019 10  10.32   3.22    12     11      4      2
2019 11   7.56   3.20    28      7      4      1
2019 12  11.10   4.10    14     13      7      1
------------------------------------------------
        103.52   4.68   Sep    130     69      7


           WIND SPEED (km/h)

                                DOM
 YR  MO    AVG     HI   DATE    DIR
-----------------------------------
2019 01    4.5   51.5     25    329
2019 02    5.5   48.3     09    322
2019 03    3.4   46.7     04    301
2019 04    4.6   56.3     03    316
2019 05    4.4   54.7     22    357
2019 06    2.1   40.2     22      5
2019 07    1.6   29.0     01      4
2019 08    1.3   30.6     01     18
2019 09    2.3   57.9     07      1
2019 10    2.3   41.8     17     22
2019 11    5.1   54.7     29    340
2019 12    4.7   54.7     10    333
-----------------------------------
           3.5   57.9    Sep    338
