                     CLIMATOLOGICAL SUMMARY for year 2017


NAME: Lake Echo, Nova Scotia                  
ELEV: 26 meters    LAT: 44-44.28 N    LONG: 063-22.66 W


                                       TEMPERATURE (C)

                              HEAT    COOL                              MAX    MAX    MIN    MIN
          MEAN   MEAN         DEG     DEG                                >=     <=     <=     <=
 YR  MO   MAX    MIN    MEAN  DAYS    DAYS      HI  DAY     LOW  DAY     30      0      0    -20
------------------------------------------------------------------------------------------------
2017 01    2.6   -5.9   -1.2  606.0    0.0     9.7   13   -20.9   10      0      6     25      1
2017 02    2.0   -6.9   -2.1  572.5    0.0    12.6   24   -18.3   11      0      9     24      0
2017 03    2.0   -6.1   -1.9  628.6    0.0    11.1   02   -17.6   12      0      9     31      0
2017 04   10.3    1.1    5.5  384.6    0.0    19.4   29    -5.4   19      0      0     12      0
2017 05   15.2    5.7   10.1  254.5    0.6    30.6   19     1.1   13      2      0      0      0
2017 06   21.3   10.1   15.4   97.2   10.3    31.9   13     4.3   08      1      0      0      0
2017 07   23.8   13.9   18.6   21.6   29.6    30.7   21     9.0   27      1      0      0      0
2017 08   24.3   14.2   19.0   18.1   39.6    29.3   01     9.1   29      0      0      0      0
2017 09   21.8   12.8   17.2   48.9   16.2    29.4   26     5.4   03      0      0      0      0
2017 10   18.2    6.8   12.7  178.9    3.7    24.0   05     0.4   23      0      0      0      0
2017 11   10.6    0.4    5.5  387.6    0.0    17.9   06    -6.6   12      0      0     16      0
2017 12    2.9   -5.0   -2.1  600.6    0.0    12.9   24   -14.2   28      0     10     26      0
------------------------------------------------------------------------------------------------
          13.0    3.5    8.3 3799.0   99.9    31.9  Jun   -20.9  Jan      4     34    134      1


                  PRECIPITATION (cm)

                  MAX         ---DAYS OF RAIN---
                  OBS.               OVER
 YR  MO  TOTAL    DAY  DATE   0.03   0.30   3.00
------------------------------------------------
2017 01   9.92   4.44    25      9      7      1
2017 02   2.96   1.88    26      5      2      0
2017 03   4.86   1.64    08      9      4      0
2017 04   5.56   2.74    07      8      5      0
2017 05  18.12   3.78    26     14     10      1
2017 06   9.92   3.76    09     13      6      1
2017 07  10.16   3.94    02      8      4      1
2017 08   9.64   2.38    19     12      8      0
2017 09  11.10   4.54    28      8      5      1
2017 10   5.84   1.56    30      8      5      0
2017 11   9.62   2.24    17     12      8      0
2017 12  14.61   2.42    06     12     10      0
------------------------------------------------
        112.31   4.54   Sep    118     74      5


           WIND SPEED (km/h)

                                DOM
 YR  MO    AVG     HI   DATE    DIR
-----------------------------------
2017 01    5.2   56.3     25    320
2017 02    5.6   69.2     13    350
2017 03    8.2   64.4     14    338
2017 04    5.4   49.9     07     39
2017 05    5.2   57.9     15     71
2017 06    3.0   41.8     09    208
2017 07    1.6   33.8     06    201
2017 08    1.7   37.0     23    207
2017 09    2.9   46.7     07    289
2017 10    3.5   54.7     30    219
2017 11    5.2   61.2     23    297
2017 12    5.5   85.3     25    287
-----------------------------------
           4.4   85.3    Dec    315
