                     CLIMATOLOGICAL SUMMARY for year 2021


NAME: Lake Echo, Nova Scotia                  
ELEV: 26 meters    LAT: 44-44.28 N    LONG: 063-22.66 W


                                       TEMPERATURE (C)

                              HEAT    COOL                              MAX    MAX    MIN    MIN
          MEAN   MEAN         DEG     DEG                                >=     <=     <=     <=
 YR  MO   MAX    MIN    MEAN  DAYS    DAYS      HI  DAY     LOW  DAY     30      0      0    -20
------------------------------------------------------------------------------------------------
2021 01    1.6   -5.3   -1.7  621.2    0.0     6.6   17   -13.9   23      0      8     26      0
2021 02    1.9   -6.8   -2.3  578.0    0.0    10.4   02   -15.2   22      0     11     25      0
2021 03    6.7   -5.8   -0.1  569.3    0.0    17.9   22   -15.3   17      0      4     27      0
2021 04   11.5    2.2    6.5  354.9    0.0    18.9   28    -2.8   11      0      0      7      0
2021 05   15.3    3.7    9.3  279.2    0.0    23.8   27     0.6   08      0      0      0      0
2021 06   23.6   10.7   16.8   66.1   19.5    32.9   28     2.7   11      3      0      0      0
2021 07   23.1   14.3   18.2   29.3   25.1    28.6   01     9.7   14      0      0      0      0
2021 08   24.9   15.4   19.7   10.7   52.9    31.9   25     8.8   29      1      0      0      0
2021 09   21.4   12.1   16.6   60.7    8.8    26.4   01     5.9   15      0      0      0      0
2021 10   16.5    6.0   10.9  228.9    0.0    23.3   07     0.8   10      0      0      0      0
2021 11    9.8    0.0    4.9  403.7    0.0    17.1   01    -4.7   21      0      0     18      0
2021 12    4.6   -4.9    0.0  566.9    0.0    14.8   07   -12.9   10      0      7     28      0
------------------------------------------------------------------------------------------------
          13.5    3.5    8.3 3768.9  106.3    32.9  Jun   -15.3  Mar      4     30    131      0


                  PRECIPITATION (cm)

                  MAX         ---DAYS OF RAIN---
                  OBS.               OVER
 YR  MO  TOTAL    DAY  DATE   0.03   0.30   3.00
------------------------------------------------
2021 01   4.78   3.14    17      9      2      1
2021 02   9.84   3.02    02     10      8      1
2021 03   7.62   3.80    29      8      4      1
2021 04   8.96   1.96    17     10      9      0
2021 05   6.90   1.54    08     13      7      0
2021 06   4.92   1.72    22     11      4      0
2021 07   6.28   2.02    30     13      7      0
2021 08   7.34   1.52    20      9      6      0
2021 09   9.34   3.14    10     10      7      1
2021 10   4.24   2.00    31      7      5      0
2021 11  16.14   4.46    23     12      9      1
2021 12  12.72   3.74    11     13      8      1
------------------------------------------------
         99.08   4.46   Nov    125     76      6


           WIND SPEED (km/h)

                                DOM
 YR  MO    AVG     HI   DATE    DIR
-----------------------------------
2021 01    5.5   48.3     02    355
2021 02    4.4   69.2     08    334
2021 03    4.8   57.9     27    324
2021 04    6.7   54.7     04      1
2021 05    3.3   41.8     08    349
2021 06    1.7   45.1     10    110
2021 07    1.3   29.0     10     53
2021 08    1.1   32.2     06     72
2021 09    1.7   41.8     19     39
2021 10    2.1   38.6     28     24
2021 11    3.6   49.9     23    330
2021 12    4.2   49.9     07    326
-----------------------------------
           3.3   69.2    Feb    348
