                     CLIMATOLOGICAL SUMMARY for year 2007


NAME: Federal Way, Washington                  
ELEV: 365 feet    LAT: 47-18.60 N    LONG: 122-21.60 W


                                       TEMPERATURE (F)

                              HEAT    COOL                              MAX    MAX    MIN    MIN
          MEAN   MEAN         DEG     DEG                                >=     <=     <=     <=
 YR  MO   MAX    MIN    MEAN  DAYS    DAYS      HI  DAY     LOW  DAY     90     32     32      0
------------------------------------------------------------------------------------------------
2007 01   45.0   31.1   37.9  840.1    0.0    57.0   02    14.9   12      0      1     15      0
2007 02   50.7   38.1   43.5  601.1    0.0    61.2   17    24.8   02      0      0      5      0
2007 03   56.5   41.2   48.3  182.1    0.0    68.7   06    30.6   01      0      0      2      0
2007 04   60.5   41.7   50.3  440.0    0.0    79.0   06    29.1   03      0      0      1      0
2007 05   69.4   45.7   56.2  275.1    2.3    87.3   15    37.0   05      0      0      0      0
2007 06   70.7   52.3   60.3  149.3    4.5    85.1   03    44.1   12      0      0      0      0
2007 07   81.4   57.1   67.7   15.2   94.1    97.2   11    50.0   01      4      0      0      0
2007 08   79.8   53.6   65.1   26.3   29.7    93.2   15    47.3   28      4      0      0      0
2007 09   69.2   51.1   58.3  182.3   12.5    84.7   11    41.9   24      0      0      0      0
2007 10   58.8   43.3   50.4  452.9    0.0    74.1   23    31.6   27      0      0      2      0
2007 11   51.0   37.8   47.8  633.6    0.0    63.3   03    23.9   23      0      0      7      0
2007 12   44.6   34.3   39.9  780.4    0.0    60.1   03    13.6   17      0      0      8      0
------------------------------------------------------------------------------------------------
          61.7   44.1   56.7 4578.5  143.2    97.2  Jul    13.6  Dec      8      1     40      0


                  PRECIPITATION (in)

                  MAX         ---DAYS OF RAIN---
                  OBS.               OVER
 YR  MO  TOTAL    DAY  DATE   0.01   0.10   1.00
------------------------------------------------
2007 01   0.00   0.00   N/A      0      0      0
2007 02   0.00   0.00   N/A      0      0      0
2007 03   0.00   0.00   N/A      0      0      0
2007 04   0.00   0.00   N/A      0      0      0
2007 05   0.00   0.00   N/A      0      0      0
2007 06   0.00   0.00   N/A      0      0      0
2007 07   0.00   0.00   N/A      0      0      0
2007 08   0.00   0.00   N/A      0      0      0
2007 09   0.00   0.00   N/A      0      0      0
2007 10   0.00   0.00   N/A      0      0      0
2007 11   0.00   0.00   N/A      0      0      0
2007 12   0.00   0.00   N/A      0      0      0
------------------------------------------------
          0.00   0.00   N/A      0      0      0


           WIND SPEED (mph)

                                DOM
 YR  MO    AVG     HI   DATE    DIR
-----------------------------------
2007 01    0.9   18.0     02     19 
2007 02    1.0   19.0     15     10 
2007 03    0.8   15.0     08     12 
2007 04    1.3   14.0     09    215 
2007 05    0.9   15.0     08    239 
2007 06    0.8   14.0     11    203 
2007 07    N/A    N/A    N/A    N/A 
2007 08    N/A    N/A    N/A    N/A 
2007 09    1.7   22.0     11     36 
2007 10    0.9   22.0     01    193 
2007 11    0.6   22.0     16    255 
2007 12    0.9   17.0     02     24 
-----------------------------------
           1.0   22.0    Sep    214
