                     CLIMATOLOGICAL SUMMARY for year 2013


NAME: Federal Way, Washington                  
ELEV: 365 feet    LAT: 47-18.60 N    LONG: 122-21.60 W


                                       TEMPERATURE (F)

                              HEAT    COOL                              MAX    MAX    MIN    MIN
          MEAN   MEAN         DEG     DEG                                >=     <=     <=     <=
 YR  MO   MAX    MIN    MEAN  DAYS    DAYS      HI  DAY     LOW  DAY     90     32     32      0
------------------------------------------------------------------------------------------------
2013 01   42.6   32.7   37.2  861.6    0.0    53.9   25    21.6   13      0      0     15      0
2013 02   47.8   38.4   42.8  622.6    0.0    51.7   28    32.7   20      0      0      0      0
2013 03   53.5   38.8   45.5  603.2    0.0    65.0   31    29.3   04      0      0      4      0
2013 04   57.3   41.9   49.0  481.0    0.0    72.3   25    34.0   23      0      0      0      0
2013 05   66.0   48.0   56.1  279.7    3.9    83.0   06    34.1   01      0      0      0      0
2013 06   72.5   53.4   61.8  117.0   21.8    88.1   30    48.6   11      0      0      0      0
2013 07   76.9   54.5   64.8   46.4   39.1    88.4   01    47.3   13      0      0      0      0
2013 08   77.9   57.5   66.3   14.9   55.5    86.6   06    52.5   21      0      0      0      0
2013 09   68.6   54.0   59.9  165.3   13.3    84.8   11    42.5   26      0      0      0      0
2013 10   55.5   42.7   48.6  509.0    0.0    74.3   06    34.0   29      0      0      0      0
2013 11   51.1   38.8   44.4  619.4    0.0    60.0   01    27.6   23      0      0      6      0
2013 12   42.6   32.4   37.3  859.5    0.0    53.3   15    15.1   08      0      4     14      0
------------------------------------------------------------------------------------------------
          59.4   44.4   51.2 5179.6  133.6    88.4  Jul    15.1  Dec      0      4     39      0


                  PRECIPITATION (in)

                  MAX         ---DAYS OF RAIN---
                  OBS.               OVER
 YR  MO  TOTAL    DAY  DATE   0.01   0.10   1.00
------------------------------------------------
2013 01   2.94   0.90    09     22     11      0
2013 02   1.56   0.41    22     18      4      0
2013 03   2.08   0.50    20     19      6      0
2013 04   3.82   0.97    07     16      8      0
2013 05   2.58   0.54    21     13      9      0
2013 06   1.60   0.41    23     10      6      0
2013 07   0.01   0.01    17      1      0      0
2013 08   1.31   0.68    29      9      3      0
2013 09   7.15   1.97    28     17     10      3
2013 10   1.30   0.29    01     18      5      0
2013 11   3.55   0.88    07     20      8      0
2013 12   1.34   0.36    12     16      5      0
------------------------------------------------
         29.24   1.97   Sep    179     75      3


           WIND SPEED (mph)

                                DOM
 YR  MO    AVG     HI   DATE    DIR
-----------------------------------
2013 01    0.8   28.0     08    214 
2013 02    1.4   25.0     25    218 
2013 03    1.1   30.0     20    233 
2013 04    1.2   28.0     13    235 
2013 05    0.6   23.0     13    250 
2013 06    0.5   18.0     20    258 
2013 07    0.3   16.0     15    318 
2013 08    0.3   15.0     21    287 
2013 09    0.7   24.0     28    209 
2013 10    0.4   20.0     06    218 
2013 11    0.9   32.0     02    224 
2013 12    0.8   25.0     23    227 
-----------------------------------
           0.7   32.0    Nov    229
