                     CLIMATOLOGICAL SUMMARY for year 2016


NAME: Federal Way, Washington                  
ELEV: 365 feet    LAT: 47-18.60 N    LONG: 122-21.60 W


                                       TEMPERATURE (F)

                              HEAT    COOL                              MAX    MAX    MIN    MIN
          MEAN   MEAN         DEG     DEG                                >=     <=     <=     <=
 YR  MO   MAX    MIN    MEAN  DAYS    DAYS      HI  DAY     LOW  DAY     90     32     32      0
------------------------------------------------------------------------------------------------
2016 01   48.2   36.6   41.9  716.3    0.0    56.6   27    22.6   02      0      0      7      0
2016 02   53.1   40.2   46.0  552.1    0.0    65.4   09    30.7   23      0      0      1      0
2016 03   55.6   40.6   47.5  543.9    0.0    71.7   31    33.7   17      0      0      0      0
2016 04   65.8   45.4   54.6  316.4    5.1    88.1   18    39.8   06      0      0      0      0
2016 05   68.2   49.4   58.3  213.2    4.9    87.0   02    42.9   10      0      0      0      0
2016 06   72.6   52.5   61.6  135.8   34.6    90.5   05    43.0   15      1      0      0      0
2016 07   76.5   56.1   65.2   36.9   44.2    88.9   29    51.2   01      0      0      0      0
2016 08   79.2   56.1   66.6   35.8   87.0    92.2   26    50.0   23      3      0      0      0
2016 09   70.2   51.2   59.5  164.4    0.0    81.0   14    43.5   30      0      0      0      0
2016 10   60.3   47.8   52.8  377.6    0.0    67.3   28    38.2   12      0      0      0      0
2016 11   56.1   44.4   49.6  462.1    0.0    71.6   08    34.9   18      0      0      0      0
2016 12   41.7   32.7   36.9  872.5    0.0    49.1   02    19.8   17      0      1     15      0
------------------------------------------------------------------------------------------------
          62.3   46.1   53.4 4427.1  175.8    92.2  Aug    19.8  Dec      4      1     23      0


                  PRECIPITATION (in)

                  MAX         ---DAYS OF RAIN---
                  OBS.               OVER
 YR  MO  TOTAL    DAY  DATE   0.01   0.10   1.00
------------------------------------------------
2016 01   6.58   0.76    21     20     16      0
2016 02   5.48   0.76    12     23     13      0
2016 03   5.43   0.97    01     20     17      0
2016 04   0.99   0.30    12      8      4      0
2016 05   1.42   0.86    19      7      2      0
2016 06   1.61   0.29    23     11      6      0
2016 07   0.57   0.16    09      6      2      0
2016 08   0.60   0.48    07      4      1      0
2016 09   1.29   0.41    17     10      4      0
2016 10  10.22   2.33    13     30     16      4
2016 11   5.00   1.50    05     24     12      1
2016 12   0.57   0.22    12     12      1      0
------------------------------------------------
         39.76   2.33   Oct    175     94      5


           WIND SPEED (mph)

                                DOM
 YR  MO    AVG     HI   DATE    DIR
-----------------------------------
2016 01    0.6   21.0     29    212 
2016 02    0.9   26.0     05    214 
2016 03    1.3   32.0     13    217 
2016 04    0.5   19.0     04    239 
2016 05    0.5   16.0     06    246 
2016 06    0.6   19.0     14    237 
2016 07    0.3   15.0     21    257 
2016 08    0.3   17.0     11    282 
2016 09    0.4   18.0     17    236 
2016 10    0.9   25.0     14    193 
2016 11    0.8   22.0     12    197 
2016 12    0.9   23.0     20    199 
-----------------------------------
           0.7   32.0    Mar    215
