                     CLIMATOLOGICAL SUMMARY for year 2011


NAME: Federal Way, Washington                  
ELEV: 365 feet    LAT: 47-18.60 N    LONG: 122-21.60 W


                                       TEMPERATURE (F)

                              HEAT    COOL                              MAX    MAX    MIN    MIN
          MEAN   MEAN         DEG     DEG                                >=     <=     <=     <=
 YR  MO   MAX    MIN    MEAN  DAYS    DAYS      HI  DAY     LOW  DAY     90     32     32      0
------------------------------------------------------------------------------------------------
2011 01   46.1   36.3   41.3  735.1    0.0    55.0   16    22.0   01      0      0     10      0
2011 02   45.3   33.1   38.6  739.7    0.0    54.6   12    18.9   26      0      0     13      0
2011 03   51.7   38.5   44.3  642.1    0.0    62.7   23    31.4   04      0      0      1      0
2011 04   53.0   38.2   44.8  604.6    0.0    67.2   23    31.5   07      0      0      1      0
2011 05   60.0   43.8   51.6  416.3    0.0    72.9   20    35.4   01      0      0      0      0
2011 06   67.2   50.5   58.2  204.8    0.4    79.0   21    43.8   16      0      0      0      0
2011 07   72.5   53.5   62.0   99.5    6.8    81.4   02    46.7   01      0      0      0      0
2011 08   76.2   54.5   64.3   49.2   26.6    88.1   21    49.0   17      0      0      0      0
2011 09   72.8   53.1   62.1  109.8   22.6    84.6   04    45.2   28      0      0      0      0
2011 10   57.8   45.6   51.0  435.2    0.0    67.7   08    35.9   26      0      0      0      0
2011 11   49.3   35.5   41.9  693.3    0.0    62.1   09    24.7   20      0      0      6      0
2011 12   43.9   33.1   38.5  820.2    0.0    54.0   24    25.2   13      0      0     16      0
------------------------------------------------------------------------------------------------
          58.1   43.0   50.0 5549.8   56.4    88.1  Aug    18.9  Feb      0      0     47      0


                  PRECIPITATION (in)

                  MAX         ---DAYS OF RAIN---
                  OBS.               OVER
 YR  MO  TOTAL    DAY  DATE   0.01   0.10   1.00
------------------------------------------------
2011 01   4.48   0.86    12     21     12      0
2011 02   2.84   0.53    28     17      8      0
2011 03   6.65   1.21    09     25     19      1
2011 04   5.13   0.94    01     20     12      0
2011 05   3.69   0.94    14     14      7      0
2011 06   0.99   0.41    18     11      2      0
2011 07   0.78   0.34    16      9      3      0
2011 08   0.18   0.18    22      1      1      0
2011 09   0.99   0.48    26      6      3      0
2011 10   3.26   0.74    11     20      9      0
2011 11   4.88   1.69    22     17      9      1
2011 12   2.48   0.89    27     21      6      0
------------------------------------------------
         36.35   1.69   Nov    182     91      2


           WIND SPEED (mph)

                                DOM
 YR  MO    AVG     HI   DATE    DIR
-----------------------------------
2011 01    1.1   31.0     16    215 
2011 02    1.5   29.0     07    216 
2011 03    1.7   30.0     02    211 
2011 04    1.5   21.0     27    224 
2011 05    0.9   20.0     16    244 
2011 06    0.8   23.0     13    239 
2011 07    0.6   16.0     21    257 
2011 08    0.4   14.0     22    293 
2011 09    0.5   22.0     25    252 
2011 10    0.6   20.0     11    215 
2011 11    1.3   26.0     24    210 
2011 12    0.7   28.0     25    214 
-----------------------------------
           1.0   31.0    Jan    221
