                     CLIMATOLOGICAL SUMMARY for year 2008


NAME: Federal Way, Washington                  
ELEV: 365 feet    LAT: 47-18.60 N    LONG: 122-21.60 W


                                       TEMPERATURE (F)

                              HEAT    COOL                              MAX    MAX    MIN    MIN
          MEAN   MEAN         DEG     DEG                                >=     <=     <=     <=
 YR  MO   MAX    MIN    MEAN  DAYS    DAYS      HI  DAY     LOW  DAY     90     32     32      0
------------------------------------------------------------------------------------------------
2008 01   44.3   31.4   36.9  838.3    0.0    54.5   04    19.0   22      0      0     13      0
2008 02   50.6   36.1   42.8  644.8    0.0    61.3   29    28.6   14      0      0      7      0
2008 03   51.9   34.9   41.6  724.1    0.0    61.0   10    27.0   05      0      0      8      0
2008 04   56.8   37.1   44.5  607.6    0.0    79.2   12    27.0   02      0      0      4      0
2008 05   70.3   47.8   55.1  301.6    3.7    90.5   17    36.9   12      1      0      0      0
2008 06   75.6   49.3   57.8  225.7   20.6    89.8   19    43.3   10      0      0      0      0
2008 07   80.9   53.0   63.1   61.9   10.2    90.1   07    46.0   11      1      0      0      0
2008 08   78.3   55.6   64.0   69.9   42.3    90.9   04    49.1   31      1      0      0      0
2008 09   69.3   50.2   57.2  232.3    0.0    76.3   15    37.6   23      0      0      0      0
2008 10   59.5   43.4   50.5  456.3    0.0    73.8   01    32.2   11      0      0      0      0
2008 11   53.4   42.9   47.4  523.1    0.0    63.9   07    31.8   23      0      0      1      0
2008 12   41.5   31.9   36.4  882.5    0.0    59.7   01    16.7   20      0      3     12      0
------------------------------------------------------------------------------------------------
          60.9   42.8   49.4 5568.2   76.8    90.9  Aug    16.7  Dec      3      3     45      0


                  PRECIPITATION (in)

                  MAX         ---DAYS OF RAIN---
                  OBS.               OVER
 YR  MO  TOTAL    DAY  DATE   0.01   0.10   1.00
------------------------------------------------
2008 01   0.00   0.00   N/A      0      0      0
2008 02   0.00   0.00   N/A      0      0      0
2008 03   0.00   0.00   N/A      0      0      0
2008 04   0.00   0.00   N/A      0      0      0
2008 05   0.00   0.00   N/A      0      0      0
2008 06   0.00   0.00   N/A      0      0      0
2008 07   0.00   0.00   N/A      0      0      0
2008 08   0.00   0.00   N/A      0      0      0
2008 09   0.00   0.00   N/A      0      0      0
2008 10   0.00   0.00   N/A      0      0      0
2008 11   0.00   0.00   N/A      0      0      0
2008 12   0.00   0.00   N/A      0      0      0
------------------------------------------------
          0.00   0.00   N/A      0      0      0


           WIND SPEED (mph)

                                DOM
 YR  MO    AVG     HI   DATE    DIR
-----------------------------------
2008 01    0.8   17.0     14     19 
2008 02    0.8   19.0     06     27 
2008 03    0.6   25.0     26     26 
2008 04    0.5   23.0     05     18 
2008 05    0.7   23.0     04     22 
2008 06    0.7   22.0     03     20 
2008 07    0.6   23.5     03     22 
2008 08    0.7   22.1     01     21 
2008 09    0.3   22.1     26     23 
2008 10    0.8   23.3     14     27 
2008 11    1.1   22.1     09     28 
2008 12    1.2   22.6     20     25 
-----------------------------------
           0.7   25.0    Mar     24
