                     CLIMATOLOGICAL SUMMARY for year 2021


NAME: Federal Way, Washington                  
ELEV: 365 feet    LAT: 47-18.60 N    LONG: 122-21.60 W


                                       TEMPERATURE (F)

                              HEAT    COOL                              MAX    MAX    MIN    MIN
          MEAN   MEAN         DEG     DEG                                >=     <=     <=     <=
 YR  MO   MAX    MIN    MEAN  DAYS    DAYS      HI  DAY     LOW  DAY     90     32     32      0
------------------------------------------------------------------------------------------------
2021 01   48.6   37.6   42.5  697.6    0.0    57.3   14    26.6   23      0      0      3      0
2021 02   46.6   35.2   40.2  695.1    0.0    53.7   26    23.6   12      0      1      9      0
2021 03   54.0   35.8   44.0  651.8    0.0    63.4   13    29.4   08      0      0      7      0
2021 04   63.3   41.2   51.8  395.8    0.0    80.6   18    31.1   11      0      0      2      0
2021 05   66.3   46.3   55.3  301.0    0.0    78.6   31    41.2   08      0      0      0      0
2021 06   76.6   54.4   65.2   98.5  103.5   101.6   28    44.3   07      3      0      0      0
2021 07   81.2   55.5   66.9   19.0   77.0    92.4   30    50.0   22      3      0      0      0
2021 08   81.9   55.8   67.0   39.7  100.3    95.6   13    47.8   24      4      0      0      0
2021 09   73.8   51.8   61.0  136.3   15.6    86.5   05    42.5   16      0      0      0      0
2021 10   60.1   45.1   51.4  422.5    0.0    70.9   02    33.5   12      0      0      0      0
2021 11   53.8   41.6   47.2  535.2    0.0    63.4   14    29.8   17      0      0      2      0
2021 12   42.7   33.8   37.7  845.3    0.0    59.2   01    15.0   27      0      3      8      0
------------------------------------------------------------------------------------------------
          62.5   44.6   52.6 4837.8  296.3   101.6  Jun    15.0  Dec     10      4     31      0


                  PRECIPITATION (in)

                  MAX         ---DAYS OF RAIN---
                  OBS.               OVER
 YR  MO  TOTAL    DAY  DATE   0.01   0.10   1.00
------------------------------------------------
2021 01   7.61   1.75    12     23     15      2
2021 02   4.33   0.83    15     17     10      0
2021 03   1.88   0.37    24     14      6      0
2021 04   1.04   0.57    24      6      4      0
2021 05   1.32   0.67    27      8      3      0
2021 06   1.77   0.90    13      8      4      0
2021 07   0.00   0.00    01      0      0      0
2021 08   0.13   0.08    27      3      0      0
2021 09   3.06   0.79    18     11      5      0
2021 10   5.22   1.48    28     18     15      1
2021 11   8.73   1.37    11     24     18      1
2021 12   4.97   0.80    11     26     16      0
------------------------------------------------
         40.06   1.75   Jan    158     96      4


           WIND SPEED (mph)

                                DOM
 YR  MO    AVG     HI   DATE    DIR
-----------------------------------
2021 01    2.2   38.0     13    185 
2021 02    3.7   29.0     06    212 
2021 03    2.6   36.0     07    212 
2021 04    2.5   25.0     10    270 
2021 05    2.4   31.0     27    265 
2021 06    2.2   26.0     05    279 
2021 07    1.8   18.0     07    302 
2021 08    2.0   23.0     16    259 
2021 09    1.6   25.0     17    222 
2021 10    2.0   28.0     24    194 
2021 11    2.6   34.0     15    201 
2021 12    2.9   29.0     18    194 
-----------------------------------
           2.4   38.0    Jan    221
