                     CLIMATOLOGICAL SUMMARY for year 2015


NAME: Federal Way, Washington                  
ELEV: 365 feet    LAT: 47-18.60 N    LONG: 122-21.60 W


                                       TEMPERATURE (F)

                              HEAT    COOL                              MAX    MAX    MIN    MIN
          MEAN   MEAN         DEG     DEG                                >=     <=     <=     <=
 YR  MO   MAX    MIN    MEAN  DAYS    DAYS      HI  DAY     LOW  DAY     90     32     32      0
------------------------------------------------------------------------------------------------
2015 01   49.2   39.0   43.6  662.1    0.0    63.7   26    24.0   01      0      0      5      0
2015 02   54.0   42.3   47.8  482.8    0.0    63.0   13    29.9   23      0      0      1      0
2015 03   58.3   42.1   49.5  480.5    0.0    70.1   26    27.9   04      0      0      3      0
2015 04   60.1   41.1   49.8  456.9    0.0    75.2   27    34.6   15      0      0      0      0
2015 05   67.3   48.8   57.4  238.3    1.9    80.1   28    39.8   03      0      0      0      0
2015 06   78.0   54.0   65.6   52.1   68.9    88.4   27    46.3   13      0      0      0      0
2015 07   82.9   57.8   69.4   10.4  146.1    98.0   19    53.5   17      5      0      0      0
2015 08   79.4   56.4   66.8   24.5   81.0    89.9   19    49.2   25      0      0      0      0
2015 09   68.8   50.6   58.9  185.9    3.6    79.7   12    41.6   27      0      0      0      0
2015 10   62.6   49.5   55.2  302.7    0.0    70.9   05    41.7   23      0      0      0      0
2015 11   49.0   36.8   42.6  671.1    0.0    60.4   06    25.6   30      0      0     10      0
2015 12   46.1   37.4   41.4  730.8    0.0    60.2   03    23.4   31      0      0      5      0
------------------------------------------------------------------------------------------------
          63.1   46.4   54.1 4298.1  301.5    98.0  Jul    23.4  Dec      5      0     24      0


                  PRECIPITATION (in)

                  MAX         ---DAYS OF RAIN---
                  OBS.               OVER
 YR  MO  TOTAL    DAY  DATE   0.01   0.10   1.00
------------------------------------------------
2015 01   3.31   0.73    17     12      7      0
2015 02   4.33   0.98    07     13     11      0
2015 03   3.63   1.25    15     15      7      1
2015 04   1.90   0.43    01     12      5      0
2015 05   0.63   0.24    13      3      3      0
2015 06   0.36   0.18    02      3      2      0
2015 07   0.12   0.10    26      2      0      0
2015 08   1.95   0.92    29      4      3      0
2015 09   1.07   0.34    01      7      4      0
2015 10   5.30   1.80    31     14     10      2
2015 11   7.45   1.50    14     18     12      3
2015 12  11.05   1.94    08     25     21      3
------------------------------------------------
         41.10   1.94   Dec    128     85      9


           WIND SPEED (mph)

                                DOM
 YR  MO    AVG     HI   DATE    DIR
-----------------------------------
2015 01    0.5   24.0     18    217 
2015 02    0.6   21.0     02    219 
2015 03    0.7   29.0     15    233 
2015 04    0.7   21.0     11    233 
2015 05    0.4   19.0     04    262 
2015 06    0.3   16.0     05    317 
2015 07    0.3   16.0     20    300 
2015 08    0.5   34.0     29    240 
2015 09    0.4   19.0     20    241 
2015 10    0.6   24.0     10    215 
2015 11    0.8   28.0     17    211 
2015 12    1.4   30.0     09    209 
-----------------------------------
           0.6   34.0    Aug    226
