                     CLIMATOLOGICAL SUMMARY for year 2019


NAME: Federal Way, Washington                  
ELEV: 365 feet    LAT: 47-18.60 N    LONG: 122-21.60 W


                                       TEMPERATURE (F)

                              HEAT    COOL                              MAX    MAX    MIN    MIN
          MEAN   MEAN         DEG     DEG                                >=     <=     <=     <=
 YR  MO   MAX    MIN    MEAN  DAYS    DAYS      HI  DAY     LOW  DAY     90     32     32      0
------------------------------------------------------------------------------------------------
2019 01   51.0   36.3   42.6  694.6    0.0    59.5   12    28.8   14      0      0      6      0
2019 02   42.3   29.8   35.4  827.9    0.0    54.1   28    17.1   05      0      1     17      0
2019 03   59.5   36.2   46.2  582.9    0.0    83.2   19    24.7   05      0      0      7      0
2019 04   61.0   43.4   50.9  422.5    0.0    69.9   30    33.5   28      0      0      0      0
2019 05   70.5   48.7   58.6  203.8    4.9    85.6   10    39.0   01      0      0      0      0
2019 06   74.9   51.3   61.4  128.2   21.6    94.8   12    46.5   04      1      0      0      0
2019 07   78.7   55.7   65.9   28.6   55.0    91.2   21    49.7   20      1      0      0      0
2019 08   80.9   57.2   67.1   13.6   79.3    90.7   05    51.4   23      3      0      0      0
2019 09   71.2   53.9   61.1  132.7   15.7    85.7   03    42.6   01      0      0      0      0
2019 10   59.6   41.0   48.9  499.5    0.0    67.8   02    28.4   30      0      0      5      0
2019 11   53.4   38.2   44.6  612.8    0.0    62.6   11    23.5   30      0      0      5      0
2019 12   47.1   39.0   42.6  694.6    0.0    54.7   06    28.6   26      0      0      3      0
------------------------------------------------------------------------------------------------
          62.6   44.3   52.2 4841.5  176.6    94.8  Jun    17.1  Feb      5      1     43      0


                  PRECIPITATION (in)

                  MAX         ---DAYS OF RAIN---
                  OBS.               OVER
 YR  MO  TOTAL    DAY  DATE   0.01   0.10   1.00
------------------------------------------------
2019 01   3.43   0.67    03     24      9      0
2019 02   3.84   1.33    12     21      6      1
2019 03   1.57   0.63    12     11      6      0
2019 04   2.28   0.30    07     19     10      0
2019 05   0.81   0.31    14      9      2      0
2019 06   0.42   0.11    27      7      1      0
2019 07   1.24   0.56    02      6      4      0
2019 08   0.71   0.29    10      6      3      0
2019 09   2.98   0.75    07     15      8      0
2019 10   2.91   0.75    19     13      7      0
2019 11   1.29   0.24    09     11      6      0
2019 12   5.97   1.71    20     24     12      2
------------------------------------------------
         27.45   1.71   Dec    166     74      3


           WIND SPEED (mph)

                                DOM
 YR  MO    AVG     HI   DATE    DIR
-----------------------------------
2019 01    2.0   45.0     06    193 
2019 02    2.1   29.0     26    170 
2019 03    1.9   22.0     18    304 
2019 04    2.5   27.0     06    229 
2019 05    2.0   20.0     01    259 
2019 06    2.2   22.0     07    244 
2019 07    1.9   18.0     17    255 
2019 08    1.7   20.0     03    275 
2019 09    2.1   24.0     27    212 
2019 10    2.1   22.0     07    196 
2019 11    1.6   21.0     26    154 
2019 12    1.6   26.0     31    183 
-----------------------------------
           2.0   45.0    Jan    223
