                     CLIMATOLOGICAL SUMMARY for year 2012


NAME: Federal Way, Washington                  
ELEV: 365 feet    LAT: 47-18.60 N    LONG: 122-21.60 W


                                       TEMPERATURE (F)

                              HEAT    COOL                              MAX    MAX    MIN    MIN
          MEAN   MEAN         DEG     DEG                                >=     <=     <=     <=
 YR  MO   MAX    MIN    MEAN  DAYS    DAYS      HI  DAY     LOW  DAY     90     32     32      0
------------------------------------------------------------------------------------------------
2012 01   44.7   34.3   39.1  802.1    0.0    55.3   01    27.1   13      0      2     13      0
2012 02   48.7   37.2   42.4  655.2    0.0    61.7   07    29.3   27      0      0      3      0
2012 03   49.4   36.6   42.5  698.0    0.0    62.3   08    27.4   07      0      0      6      0
2012 04   58.8   42.1   49.9  453.2    0.0    72.7   22    32.6   07      0      0      0      0
2012 05   63.5   45.6   54.1  338.0    0.1    75.0   14    36.0   10      0      0      0      0
2012 06   65.7   50.0   57.3  232.2    0.0    75.1   11    44.3   06      0      0      0      0
2012 07   72.5   54.4   62.5   81.4    4.9    80.4   26    48.0   05      0      0      0      0
2012 08   77.1   55.4   65.4   42.5   55.9    90.9   05    46.5   24      2      0      0      0
2012 09   71.3   50.6   60.0  155.7    4.5    83.7   07    45.2   30      0      0      0      0
2012 10   59.7   45.9   52.2  397.6    0.0    74.1   01    36.5   22      0      0      0      0
2012 11   51.7   40.4   45.6  581.4    0.0    65.2   04    27.9   10      0      0      3      0
2012 12   44.4   37.0   40.5  760.5    0.0    55.7   01    28.8   31      0      0      5      0
------------------------------------------------------------------------------------------------
          59.0   44.1   51.0 5197.7   65.4    90.9  Aug    27.1  Jan      2      2     30      0


                  PRECIPITATION (in)

                  MAX         ---DAYS OF RAIN---
                  OBS.               OVER
 YR  MO  TOTAL    DAY  DATE   0.01   0.10   1.00
------------------------------------------------
2012 01   5.86   1.07    29     22     14      1
2012 02   3.17   0.51    17     20     12      0
2012 03   6.19   0.89    29     24     15      0
2012 04   3.28   0.48    19     19     10      0
2012 05   2.30   0.67    03     11      6      0
2012 06   2.80   0.59    07     15      7      0
2012 07   1.44   1.04    20      7      2      1
2012 08   0.00   0.00    01      0      0      0
2012 09   0.01   0.01    10      1      0      0
2012 10   5.81   0.78    24     20     14      0
2012 11   6.45   1.55    19     26     13      2
2012 12   5.39   0.61    16     28     17      0
------------------------------------------------
         42.70   1.55   Nov    193    110      4


           WIND SPEED (mph)

                                DOM
 YR  MO    AVG     HI   DATE    DIR
-----------------------------------
2012 01    1.1   33.0     25    219 
2012 02    1.4   31.0     25    220 
2012 03    1.8   31.0     20    218 
2012 04    1.0   24.0     01    239 
2012 05    0.9   24.0     23    242 
2012 06    0.8   28.0     17    239 
2012 07    0.5   21.0     15    260 
2012 08    0.4   15.0     15    319 
2012 09    0.4   17.0     06    308 
2012 10    0.8   22.0     15    222 
2012 11    0.9   26.0     19    209 
2012 12    1.5   32.0     17    211 
-----------------------------------
           0.9   33.0    Jan    224
