                     CLIMATOLOGICAL SUMMARY for year 2020


NAME: Federal Way, Washington                  
ELEV: 365 feet    LAT: 47-18.60 N    LONG: 122-21.60 W


                                       TEMPERATURE (F)

                              HEAT    COOL                              MAX    MAX    MIN    MIN
          MEAN   MEAN         DEG     DEG                                >=     <=     <=     <=
 YR  MO   MAX    MIN    MEAN  DAYS    DAYS      HI  DAY     LOW  DAY     90     32     32      0
------------------------------------------------------------------------------------------------
2020 01   48.3   39.2   43.3  672.9    0.0    60.4   03    27.7   14      0      0      6      0
2020 02   50.9   35.4   42.1  665.5    0.0    62.4   27    28.2   18      0      0      6      0
2020 03   53.0   36.2   43.3  673.5    0.0    65.9   20    28.7   17      0      0      4      0
2020 04   63.2   41.1   51.1  417.5    0.0    74.7   17    32.3   13      0      0      0      0
2020 05   69.1   48.2   57.6  240.5   11.8    85.1   09    36.2   04      0      0      0      0
2020 06   71.4   51.7   60.3  155.1   13.8    85.6   23    44.7   01      0      0      0      0
2020 07   78.1   54.9   65.4   54.1   67.1    95.6   27    49.2   14      2      0      0      0
2020 08   79.5   55.0   65.7   34.3   57.2    98.3   16    47.7   30      1      0      0      0
2020 09   73.5   54.8   62.7   94.1   25.8    90.2   10    48.1   13      1      0      0      0
2020 10   61.8   46.6   52.8  377.2    0.0    72.6   02    31.0   26      0      0      1      0
2020 11   51.6   39.1   44.6  613.0    0.0    66.5   04    27.9   08      0      0      5      0
2020 12   49.5   37.2   42.6  694.1    0.0    59.1   05    28.3   12      0      0      6      0
------------------------------------------------------------------------------------------------
          62.5   45.0   52.7 4691.8  175.7    98.3  Aug    27.7  Jan      4      0     28      0


                  PRECIPITATION (in)

                  MAX         ---DAYS OF RAIN---
                  OBS.               OVER
 YR  MO  TOTAL    DAY  DATE   0.01   0.10   1.00
------------------------------------------------
2020 01   8.45   1.40    06     29     20      1
2020 02   3.04   0.94    01     17      7      0
2020 03   3.08   0.55    29     16      8      0
2020 04   1.56   0.47    22      9      6      0
2020 05   2.73   1.00    30     13      6      1
2020 06   1.89   0.54    09     15      5      0
2020 07   0.23   0.09    08      6      0      0
2020 08   0.51   0.31    21      5      2      0
2020 09   2.69   1.04    23      8      4      1
2020 10   3.16   1.12    10     17      5      1
2020 11   5.01   0.94    03     24     15      0
2020 12   5.15   1.17    21     23     13      1
------------------------------------------------
         37.50   1.40   Jan    182     91      5


           WIND SPEED (mph)

                                DOM
 YR  MO    AVG     HI   DATE    DIR
-----------------------------------
2020 01    3.9   31.0     15    189 
2020 02    2.8   34.0     07    212 
2020 03    2.8   25.0     02    215 
2020 04    2.2   25.0     25    254 
2020 05    2.2   26.0     06    246 
2020 06    2.4   19.0     06    241 
2020 07    2.2   18.0     01    272 
2020 08    1.9   20.0     06    295 
2020 09    2.0   32.0     07    285 
2020 10    2.4   34.0     13    241 
2020 11    2.5   32.0     13    196 
2020 12    2.7   30.0     21    195 
-----------------------------------
           2.5   34.0    Feb    219
