                     CLIMATOLOGICAL SUMMARY for year 2017


NAME: Federal Way, Washington                  
ELEV: 365 feet    LAT: 47-18.60 N    LONG: 122-21.60 W


                                       TEMPERATURE (F)

                              HEAT    COOL                              MAX    MAX    MIN    MIN
          MEAN   MEAN         DEG     DEG                                >=     <=     <=     <=
 YR  MO   MAX    MIN    MEAN  DAYS    DAYS      HI  DAY     LOW  DAY     90     32     32      0
------------------------------------------------------------------------------------------------
2017 01   44.1   31.1   36.9  871.3    0.0    55.7   18    19.2   06      0      0     15      0
2017 02   46.1   34.8   40.0  700.9    0.0    59.4   14    29.0   25      0      0      9      0
2017 03   51.7   39.8   44.9  621.8    0.0    60.4   14    30.3   19      0      0      1      0
2017 04   57.6   42.4   49.2  475.3    0.0    64.6   16    34.3   11      0      0      0      0
2017 05   67.5   47.2   56.6  268.5    9.5    83.2   27    39.8   07      0      0      0      0
2017 06   72.3   51.9   61.3  136.3   25.2    95.4   25    44.1   05      1      0      0      0
2017 07   79.2   53.6   65.6   25.9   43.8    87.0   22    49.9   11      0      0      0      0
2017 08   82.1   56.2   68.0   10.0  103.9    93.1   04    49.9   15      3      0      0      0
2017 09   74.4   53.1   62.3  127.0   45.0    89.4   28    44.9   15      0      0      0      0
2017 10   61.3   43.0   51.0  435.4    0.0    70.3   28    34.8   14      0      0      0      0
2017 11   50.9   40.1   45.0  601.8    0.0    69.2   22    30.5   07      0      0      2      0
2017 12   44.4   33.3   38.4  825.7    0.0    53.5   29    26.0   24      0      0     13      0
------------------------------------------------------------------------------------------------
          61.1   43.9   51.7 5100.0  227.5    95.4  Jun    19.2  Jan      4      0     40      0


                  PRECIPITATION (in)

                  MAX         ---DAYS OF RAIN---
                  OBS.               OVER
 YR  MO  TOTAL    DAY  DATE   0.01   0.10   1.00
------------------------------------------------
2017 01   3.38   1.60    17     14      4      1
2017 02   9.05   1.48    15     22     18      1
2017 03   7.25   0.73    15     27     17      0
2017 04   4.64   0.90    12     23     14      0
2017 05   1.97   0.46    11     13      7      0
2017 06   1.48   0.73    15      9      4      0
2017 07   0.01   0.01    03      1      0      0
2017 08   0.18   0.09    13      5      0      0
2017 09   1.18   0.36    18      8      4      0
2017 10   5.60   1.92    21     17      6      3
2017 11   8.09   0.95    13     25     19      0
2017 12   5.19   1.41    29     23      9      1
------------------------------------------------
         48.02   1.92   Oct    187    102      6


           WIND SPEED (mph)

                                DOM
 YR  MO    AVG     HI   DATE    DIR
-----------------------------------
2017 01    0.3   23.0     02    163 
2017 02    0.6   25.0     01    214 
2017 03    1.1   20.0     10    218 
2017 04    0.8   28.0     07    221 
2017 05    0.3   17.0     23    240 
2017 06    0.3   15.0     23    251 
2017 07    0.2   13.0     17    284 
2017 08    0.1   13.0     01    292 
2017 09    0.2   15.0     17    222 
2017 10    0.5   25.0     18    199 
2017 11    0.9   24.0     13    187 
2017 12    0.4   30.0     29    193 
-----------------------------------
           0.5   30.0    Dec    211
