                     CLIMATOLOGICAL SUMMARY for year 2018


NAME: Federal Way, Washington                  
ELEV: 365 feet    LAT: 47-18.60 N    LONG: 122-21.60 W


                                       TEMPERATURE (F)

                              HEAT    COOL                              MAX    MAX    MIN    MIN
          MEAN   MEAN         DEG     DEG                                >=     <=     <=     <=
 YR  MO   MAX    MIN    MEAN  DAYS    DAYS      HI  DAY     LOW  DAY     90     32     32      0
------------------------------------------------------------------------------------------------
2018 01   48.9   39.2   43.6  664.8    0.0    62.8   15    28.5   01      0      0      3      0
2018 02   46.6   35.2   40.4  690.0    0.0    55.0   07    21.9   21      0      0     10      0
2018 03   55.9   36.8   45.1  616.9    0.0    74.5   12    30.1   10      0      0      5      0
2018 04   58.9   42.5   49.9  452.8    0.0    78.8   26    34.6   02      0      0      0      0
2018 05   72.0   49.4   59.2  189.1    7.9    87.7   14    41.5   02      0      0      0      0
2018 06   73.5   51.4   61.6  130.6   28.0    90.4   18    45.0   11      1      0      0      0
2018 07   84.6   55.9   69.3   16.8  149.1    96.2   26    47.6   03      9      0      0      0
2018 08   81.0   56.0   66.9   28.2   85.8    94.8   08    49.9   25      3      0      0      0
2018 09   72.9   51.1   60.1  150.6    4.6    90.2   06    43.9   25      1      0      0      0
2018 10   61.4   44.1   51.3  423.7    0.0    74.2   17    38.3   21      0      0      0      0
2018 11   54.2   40.7   46.4  556.6    0.0    63.4   12    30.6   11      0      0      4      0
2018 12   49.0   37.4   42.1  709.8    0.0    58.7   20    25.6   06      0      0      6      0
------------------------------------------------------------------------------------------------
          63.4   45.0   53.1 4629.9  275.4    96.2  Jul    21.9  Feb     14      0     28      0


                  PRECIPITATION (in)

                  MAX         ---DAYS OF RAIN---
                  OBS.               OVER
 YR  MO  TOTAL    DAY  DATE   0.01   0.10   1.00
------------------------------------------------
2018 01   7.73   1.17    11     25     17      2
2018 02   2.27   0.42    17     18      7      0
2018 03   2.19   0.49    22     16      7      0
2018 04   5.61   1.34    14     18     12      1
2018 05   0.15   0.08    10      6      0      0
2018 06   0.60   0.22    08      9      3      0
2018 07   0.10   0.09    01      2      0      0
2018 08   0.16   0.11    11      5      1      0
2018 09   1.54   0.32    16     15      5      0
2018 10   3.41   0.74    28     22      7      0
2018 11   3.67   0.90    27     26      8      0
2018 12   6.06   0.92    11     23     15      0
------------------------------------------------
         33.49   1.34   Apr    185     82      3


           WIND SPEED (mph)

                                DOM
 YR  MO    AVG     HI   DATE    DIR
-----------------------------------
2018 01    0.9   24.0     21    189 
2018 02    2.6   35.0     17    235 
2018 03    1.9   57.0     27    239 
2018 04    2.7   67.0     15    240 
2018 05    1.1   31.0     29    308 
2018 06    2.0   38.0     13    275 
2018 07    1.3   24.0     28    318 
2018 08    1.6   34.0     02    296 
2018 09    2.5   64.0     11    264 
2018 10    1.1   28.0     01    200 
2018 11    2.2   25.0     02    197 
2018 12    2.5   36.0     20    184 
-----------------------------------
           1.8   67.0    Apr    236
