                     CLIMATOLOGICAL SUMMARY for year 2014


NAME: Federal Way, Washington                  
ELEV: 365 feet    LAT: 47-18.60 N    LONG: 122-21.60 W


                                       TEMPERATURE (F)

                              HEAT    COOL                              MAX    MAX    MIN    MIN
          MEAN   MEAN         DEG     DEG                                >=     <=     <=     <=
 YR  MO   MAX    MIN    MEAN  DAYS    DAYS      HI  DAY     LOW  DAY     90     32     32      0
------------------------------------------------------------------------------------------------
2014 01   46.5   37.3   41.3  736.1    0.0    57.1   11    25.9   05      0      0      5      0
2014 02   45.0   33.9   39.0  728.2    0.0    58.0   26    17.9   06      0      2      8      0
2014 03   54.5   40.1   46.4  575.2    0.0    65.9   24    30.0   22      0      0      1      0
2014 04   59.9   42.8   50.6  431.3    0.0    75.9   30    37.9   11      0      0      0      0
2014 05   67.8   49.2   57.7  232.0    6.1    87.0   01    42.5   07      0      0      0      0
2014 06   70.2   51.7   59.9  153.0    0.2    78.8   23    47.3   06      0      0      0      0
2014 07   79.4   55.9   66.9   27.3   85.4    88.6   12    49.3   25      0      0      0      0
2014 08   79.4   57.0   67.2   16.7   84.5    94.6   11    49.9   21      1      0      0      0
2014 09   72.9   54.3   62.2   91.8    8.7    83.7   07    47.5   04      0      0      0      0
2014 10   63.8   50.5   56.1  277.1    0.0    74.4   19    41.2   27      0      0      0      0
2014 11   51.4   39.0   44.7  609.4    0.0    61.6   06    19.3   30      0      0      9      0
2014 12   49.4   38.5   43.4  669.1    0.0    65.7   10    22.1   01      0      0      6      0
------------------------------------------------------------------------------------------------
          61.8   45.9   53.0 4547.2  185.0    94.6  Aug    17.9  Feb      1      2     29      0


                  PRECIPITATION (in)

                  MAX         ---DAYS OF RAIN---
                  OBS.               OVER
 YR  MO  TOTAL    DAY  DATE   0.01   0.10   1.00
------------------------------------------------
2014 01   3.85   1.29    11     20      8      1
2014 02   5.99   0.98    17     19     13      0
2014 03   7.85   1.17    05     23     15      3
2014 04   3.87   1.04    22     15      9      1
2014 05   3.79   0.84    03     10      8      0
2014 06   0.73   0.23    13      7      3      0
2014 07   0.59   0.50    23      3      1      0
2014 08   1.17   0.58    13      8      3      0
2014 09   1.82   0.63    24      9      4      0
2014 10   4.52   0.98    22     23     10      0
2014 11   4.21   0.72    25     20     11      0
2014 12   4.09   0.66    20     18     12      0
------------------------------------------------
         42.48   1.29   Jan    175     97      5


           WIND SPEED (mph)

                                DOM
 YR  MO    AVG     HI   DATE    DIR
-----------------------------------
2014 01    1.0   29.0     11    221 
2014 02    1.5   34.0     12    222 
2014 03    1.2   24.0     05    221 
2014 04    1.1   22.0     24    222 
2014 05    0.6   18.0     18    233 
2014 06    0.5   17.0     27    237 
2014 07    0.4   23.0     19    284 
2014 08    0.3   14.0     09    301 
2014 09    0.4   19.0     02    252 
2014 10    0.8   28.0     25    210 
2014 11    1.1   26.0     11    204 
2014 12    0.9   32.0     11    208 
-----------------------------------
           0.8   34.0    Feb    222
