                     CLIMATOLOGICAL SUMMARY for year 2010


NAME: Federal Way, Washington                  
ELEV: 365 feet    LAT: 47-18.60 N    LONG: 122-21.60 W


                                       TEMPERATURE (F)

                              HEAT    COOL                              MAX    MAX    MIN    MIN
          MEAN   MEAN         DEG     DEG                                >=     <=     <=     <=
 YR  MO   MAX    MIN    MEAN  DAYS    DAYS      HI  DAY     LOW  DAY     90     32     32      0
------------------------------------------------------------------------------------------------
2010 01   50.7   41.3   45.7  599.2    0.0    59.3   19    34.5   07      0      0      0      0
2010 02   52.7   39.3   45.4  550.0    0.0    57.5   06    29.8   22      0      0      2      0
2010 03   54.2   38.5   45.9  592.5    0.0    68.4   20    27.7   09      0      0      2      0
2010 04   56.9   41.6   48.3  499.6    0.0    69.2   19    33.9   10      0      0      0      0
2010 05   61.3   44.2   52.1  401.1    0.0    73.1   14    38.6   08      0      0      0      0
2010 06   66.2   50.0   57.4  228.8    0.4    76.6   23    44.6   03      0      0      0      0
2010 07   74.1   53.2   62.9  109.7   45.9    88.1   08    47.9   06      0      0      0      0
2010 08   75.4   54.4   63.8   91.6   53.8    91.8   15    48.1   28      2      0      0      0
2010 09   68.2   53.5   59.6  166.6    4.2    85.9   03    46.4   22      0      0      0      0
2010 10   59.9   45.5   51.8  409.3    0.0    67.6   08    35.0   17      0      0      0      0
2010 11   48.5   37.6   42.6  670.6    0.0    68.7   04    13.0   24      0      2      5      0
2010 12   46.5   36.1   40.6  604.3    0.0    52.5   07    19.5   31      0      0      4      0
------------------------------------------------------------------------------------------------
          59.8   44.8   51.6 4923.2  104.3    91.8  Aug    13.0  Nov      2      2     13      0


                  PRECIPITATION (in)

                  MAX         ---DAYS OF RAIN---
                  OBS.               OVER
 YR  MO  TOTAL    DAY  DATE   0.01   0.10   1.00
------------------------------------------------
2010 01   5.51   0.90    08     22     11      0
2010 02   3.64   0.47    26     19     14      0
2010 03   4.55   1.14    29     20      8      1
2010 04   3.15   0.61    02     20     10      0
2010 05   3.90   0.46    28     21     14      0
2010 06   3.86   1.07    09     14     12      1
2010 07   0.68   0.62    02      3      1      0
2010 08   0.51   0.35    31      3      2      0
2010 09   2.36   0.55    08     19      7      0
2010 10   3.80   0.78    09     19      8      0
2010 11   4.22   1.20    01     19      8      1
2010 12   2.15   0.42    24     18      8      0
------------------------------------------------
         38.33   1.20   Nov    197    103      3


           WIND SPEED (mph)

                                DOM
 YR  MO    AVG     HI   DATE    DIR
-----------------------------------
2010 01    0.8   28.0     15    181 
2010 02    0.6   20.0     12    190 
2010 03    1.2   24.0     29    189 
2010 04    1.3   27.0     02    194 
2010 05    1.0   25.0     03    196 
2010 06    0.6   17.0     02    207 
2010 07    0.5   18.0     06    251 
2010 08    0.5   16.0     13    234 
2010 09    0.4   16.0     02    199 
2010 10    0.7   20.0     25    167 
2010 11    1.0   30.0     15    175 
2010 12    0.8   28.0     18    194 
-----------------------------------
           0.8   30.0    Nov    191
