                     CLIMATOLOGICAL SUMMARY for year 2009


NAME: Federal Way, Washington                  
ELEV: 365 feet    LAT: 47-18.60 N    LONG: 122-21.60 W


                                       TEMPERATURE (F)

                              HEAT    COOL                              MAX    MAX    MIN    MIN
          MEAN   MEAN         DEG     DEG                                >=     <=     <=     <=
 YR  MO   MAX    MIN    MEAN  DAYS    DAYS      HI  DAY     LOW  DAY     90     32     32      0
------------------------------------------------------------------------------------------------
2009 01   44.1   33.0   37.8  592.8    0.0    52.3   12    20.2   26      0      0     12      0
2009 02   48.9   34.0   40.5  686.5    0.0    61.8   04    29.1   10      0      0      8      0
2009 03   48.9   34.6   41.2  737.5    0.0    59.8   02    26.6   11      0      0      9      0
2009 04   58.5   39.4   48.2  504.3    0.0    74.0   21    30.8   04      0      0      1      0
2009 05   65.8   44.7   55.1  309.2    1.0    81.0   29    38.2   08      0      0      0      0
2009 06   73.4   52.7   62.3   99.7   20.1    87.4   02    47.4   20      0      0      0      0
2009 07   81.0   56.6   68.1   38.9  134.0   105.9   29    50.4   14      6      0      0      0
2009 08   75.7   55.1   64.2   65.9   41.6    92.9   02    47.8   24      2      0      0      0
2009 09   72.2   51.8   60.7  138.8   10.9    87.5   22    41.7   30      0      0      0      0
2009 10   58.4   44.7   51.0  435.5    0.0    67.0   06    35.5   25      0      0      0      0
2009 11   52.1   40.6   45.9  573.9    0.0    61.4   05    29.7   14      0      0      1      0
2009 12   43.5   30.4   36.4  887.1    0.0    56.7   20    14.4   09      0      1     19      0
------------------------------------------------------------------------------------------------
          60.7   43.4   51.4 5070.0  207.6   105.9  Jul    14.4  Dec      8      1     50      0


                  PRECIPITATION (in)

                  MAX         ---DAYS OF RAIN---
                  OBS.               OVER
 YR  MO  TOTAL    DAY  DATE   0.01   0.10   1.00
------------------------------------------------
2009 01   0.28   0.10    27      6      1      0
2009 02   1.60   0.73    24     10      4      0
2009 03   4.45   0.81    15     22     15      0
2009 04   3.11   0.79    12     13      9      0
2009 05   3.00   0.89    06     12      8      0
2009 06   0.52   0.27    21      5      2      0
2009 07   0.03   0.02    12      2      0      0
2009 08   0.95   0.26    11      9      4      0
2009 09   2.09   1.11    06      9      4      1
2009 10   4.22   0.59    17     19     11      0
2009 11   7.51   1.42    06     25     15      1
2009 12   2.36   0.48    19     17      6      0
------------------------------------------------
         30.12   1.42   Nov    149     79      2


           WIND SPEED (mph)

                                DOM
 YR  MO    AVG     HI   DATE    DIR
-----------------------------------
2009 01    0.5   25.0     31    300 
2009 02    0.4   23.0     24    203 
2009 03    1.3   24.0     31    191 
2009 04    0.8   19.0     12    208 
2009 05    1.0   21.0     02    209 
2009 06    0.6   21.0     04    256 
2009 07    0.6   21.0     06    281 
2009 08    0.5   17.0     13    231 
2009 09    0.7   20.0     28    202 
2009 10    0.8   22.0     23    180 
2009 11    2.0   29.0     22    181 
2009 12    0.7   23.0     06    182 
-----------------------------------
           0.8   29.0    Nov    196
