                     CLIMATOLOGICAL SUMMARY for year 2022


NAME: Federal Way, Washington                  
ELEV: 365 feet    LAT: 47-18.60 N    LONG: 122-21.60 W


                                       TEMPERATURE (F)

                              HEAT    COOL                              MAX    MAX    MIN    MIN
          MEAN   MEAN         DEG     DEG                                >=     <=     <=     <=
 YR  MO   MAX    MIN    MEAN  DAYS    DAYS      HI  DAY     LOW  DAY     90     32     32      0
------------------------------------------------------------------------------------------------
2022 01   47.1   35.3   40.6  757.7    0.0    57.6   13    18.4   01      0      0      8      0
2022 02   50.5   35.2   41.8  648.6    0.0    61.1   13    20.4   23      0      0      9      0
2022 03   56.2   39.8   46.6  569.4    0.0    67.7   27    26.4   10      0      0      3      0
2022 04   57.4   38.1   46.5  553.8    0.0    76.0   07    30.1   13      0      0      4      0
2022 05   63.2   44.5   52.7  380.4    0.0    75.3   22    38.3   09      0      0      0      0
2022 06   70.8   52.0   60.8  149.3   22.5    92.4   27    45.9   07      1      0      0      0
2022 07   82.2   56.0   67.9   28.9  117.7    97.8   31    49.5   04      6      0      0      0
2022 08   80.9   57.7   68.2   10.0  104.0    91.5   25    51.3   28      1      0      0      0
2022 09
2022 10
2022 11
2022 12
------------------------------------------------------------------------------------------------
          63.6   44.9   53.2 3098.1  244.2    97.8  Jul    18.4  Jan      8      0     24      0


                  PRECIPITATION (in)

                  MAX         ---DAYS OF RAIN---
                  OBS.               OVER
 YR  MO  TOTAL    DAY  DATE   0.01   0.10   1.00
------------------------------------------------
2022 01   6.25   1.73    11     19     12      2
2022 02   4.15   2.92    28     13      6      1
2022 03   2.98   0.70    14     17      8      0
2022 04   3.62   0.67    04     21     10      0
2022 05   3.40   0.55    06     17     11      0
2022 06   3.30   1.28    09     11      7      1
2022 07   0.29   0.22    03      3      1      0
2022 08   0.17   0.14    10      2      1      0
2022 09
2022 10
2022 11
2022 12
------------------------------------------------
         24.16   2.92   Feb    103     56      4


           WIND SPEED (mph)

                                DOM
 YR  MO    AVG     HI   DATE    DIR
-----------------------------------
2022 01    2.1   34.0     07    197 
2022 02    2.1   30.0     19    208 
2022 03    1.9   25.0     30    231 
2022 04    2.9   37.0     04    223 
2022 05    2.4   30.0     18    237 
2022 06    1.9   23.0     13    267 
2022 07    1.5   18.0     24    312 
2022 08    1.6   19.0     05    274 
2022 09
2022 10
2022 11
2022 12
-----------------------------------
           2.0   37.0    Apr    233
